# Noise levels exported from displayNoiseBS (source ImaGene): 
# Format X Y noiseLevel 
867 229 0.5
866 230 0.5
852 230 0.5
851 231 0.5
833 231 0.5
832 232 0.5
824 232 0.5
823 233 0.5
799 233 0.5
798 234 0.5
788 234 0.5
787 235 0.5
780 235 0.5
779 236 1
774 236 1
773 237 1
768 237 1.5
767 238 1.5
763 238 1
762 239 1
758 239 1.5
757 240 1.5
748 240 1
747 241 1
746 241 1
745 242 1
741 242 1
740 243 1
735 243 1
733 245 1.5
730 245 1.5
729 246 1.5
726 246 1.5
725 247 1.5
721 247 1.5
720 248 1.5
719 248 1.5
718 249 1
711 249 1
709 251 1.5
701 251 1
700 252 1
694 252 1
693 253 1
692 253 1
690 255 1.5
686 255 1.5
686 256 1.5
685 257 1.5
680 257 1.5
679 258 1.5
676 258 1.5
675 259 1.5
671 259 1.5
670 260 1.5
667 260 1.5
666 261 1.5
662 261 1.5
660 263 1
654 263 1
653 264 1
649 264 1
647 266 1
643 266 1
641 268 1
636 268 1
635 269 1
633 269 1
632 270 1
628 270 1
626 272 1
619 272 1
618 273 1
615 273 1
614 274 1
611 274 1
610 275 1
605 275 1
603 277 1
599 277 1
597 279 1
592 279 1
591 280 1
590 280 1
588 282 1
583 282 1
583 283 1
582 284 1
578 284 1
577 285 1
573 285 1
572 286 1
569 286 1
568 287 1
565 287 1
564 288 1
563 288 1
563 289 1
562 290 1
558 290 1
557 291 1
553 291 1
552 292 1
550 292 1
549 293 1
546 293 1
545 294 1
541 294 1
541 295 1
540 296 1
536 296 1
535 297 1
532 297 1
531 298 1
530 298 1
530 299 1
529 300 1
520 300 1.5
519 301 1.5
518 301 1.5
517 302 1.5
516 302 1.5
515 303 1.5
510 303 1.5
509 304 1.5
507 304 1.5
506 305 1.5
504 305 1.5
503 306 1.5
502 306 1.5
501 307 1.5
500 307 1.5
499 308 1.5
494 308 1.5
493 309 1.5
491 309 1.5
489 311 1.5
485 311 1.5
484 312 1.5
483 312 1.5
482 313 1.5
481 313 1.5
480 314 1.5
480 316 1.5
479 317 1.5
478 317 1.5
478 318 1.5
477 319 1.5
471 319 1
469 321 1
467 321 1
466 322 1
464 322 1
461 325 1
460 325 1
456 329 1
454 329 1
451 332 1
450 332 1
449 333 1
448 333 1
446 335 1
444 335 1
442 337 1
441 337 1
440 338 1
439 338 1
438 339 1
437 339 1
437 340 1
436 341 1
435 341 1
434 342 1
430 342 1
427 345 1
426 345 1
425 346 1
425 347 1
424 348 1
422 348 1
421 349 1
420 349 1
416 353 1
415 353 1
413 355 1
413 356 1
412 357 1
410 357 1
408 359 1
407 359 1
405 361 1
405 362 1
404 363 1
402 363 1
400 365 1
399 365 1
399 366 1
397 368 1
394 368 1
390 372 1
388 372 1
387 373 1
386 373 1
383 376 1
383 377 1
382 378 1
382 379 1
381 380 1
380 380 1
379 381 1
379 382 1
377 384 1
377 386 1
374 389 1
369 389 1
365 393 1
365 395 1
364 396 1
363 396 1
363 398 1
362 399 1
361 399 1
360 400 1
360 401 1
358 403 1
357 403 1
354 406 1
352 406 1
351 407 1
351 408 1
349 410 1
349 411 1
348 412 1
346 412 1
344 414 1
343 414 1
343 415 1
339 419 1
339 420 1
338 421 1
337 421 1
337 423 1
336 424 1
335 424 1
331 428 1
330 428 1
330 430 1
329 431 1
328 431 0.5
327 432 0.5
327 433 0.5
326 434 0.5
324 434 1
322 436 1
322 437 1
315 444 1
315 445 1
314 446 1
313 446 1
313 447 1
311 449 1
310 449 1
309 450 1
309 451 1
308 452 1
307 452 1
307 453 1
304 456 1
304 457 1
303 458 1
302 458 1
300 460 1
300 462 1
298 464 1
298 465 1
296 467 1
295 467 1
294 468 1
293 468 1
293 469 1
286 476 1
286 478 1
285 479 1
284 479 1
283 480 1
282 480 1
282 481 1
280 483 1
280 484 1
279 485 1
277 485 1
277 486 1
276 487 1
276 488 1
274 490 1
273 490 1
273 491 1
272 492 1
272 493 1
268 497 1
268 500 1
263 505 1
263 506 1
262 507 1
261 507 1
261 508 1
260 509 1
260 510 1
257 513 1
256 513 1
253 516 1
252 516 1
250 518 1
250 519 1
247 522 1
247 523 1
246 524 1
246 527 1
245 528 1
244 528 1
242 530 1
242 531 1
241 532 1
241 533 1
240 534 1
240 536 1
239 537 1
238 537 1
235 540 1
235 541 1
234 542 1
233 542 1.5
232 543 1.5
232 545 1.5
230 547 1.5
229 547 1.5
229 548 1.5
228 549 1.5
228 551 1.5
227 552 1.5
226 552 1.5
226 553 1.5
224 555 1.5
223 555 1.5
223 556 1.5
221 558 1.5
221 560 1.5
220 561 1.5
220 568 1.5
218 570 1.5
217 570 1.5
213 574 1.5
213 575 1.5
212 576 1.5
211 576 1.5
211 579 1.5
210 580 1.5
210 581 1.5
209 582 1.5
209 584 1.5
207 586 1.5
207 592 1.5
206 593 1.5
206 594 1.5
205 595 1.5
204 595 1.5
200 599 1.5
200 602 1.5
199 603 1.5
199 604 1.5
197 606 1.5
197 608 1.5
196 609 1.5
196 611 1.5
194 613 1.5
194 617 1.5
193 618 1.5
193 619 1.5
192 620 1.5
191 620 1.5
188 623 1.5
188 624 1.5
186 626 1.5
186 627 1.5
185 628 1.5
185 630 1.5
182 633 1.5
182 634 1.5
181 635 1.5
181 638 1.5
179 640 1.5
178 640 1.5
178 641 1.5
177 642 1.5
177 643 1.5
176 644 1.5
176 646 1.5
170 652 1.5
170 654 1.5
167 657 1.5
167 658 1.5
166 659 1.5
166 660 1.5
164 662 1.5
164 669 1.5
160 673 1.5
160 674 1.5
159 675 1.5
159 676 1.5
157 678 1.5
157 679 1.5
156 680 1.5
156 682 1.5
155 683 1.5
155 686 1.5
151 690 1.5
151 692 1.5
149 694 1.5
149 697 1.5
148 698 1.5
147 698 1.5
146 699 1.5
146 703 2
143 706 2
143 707 2
142 708 2
142 710 2
140 712 2
140 716 1.5
139 717 1.5
138 717 1.5
138 718 1.5
137 719 1.5
137 721 1.5
135 723 1.5
135 726 1.5
133 728 1.5
132 728 1.5
132 729 1.5
131 730 1.5
131 732 1.5
130 733 1.5
130 734 1.5
129 735 1.5
129 737 1.5
128 738 1.5
128 739 1.5
124 743 1.5
124 745 1.5
122 747 1.5
122 748 1.5
121 749 1.5
121 750 1.5
120 751 1.5
120 753 1.5
119 754 1.5
119 756 1.5
118 757 1.5
118 758 1.5
117 759 1.5
116 759 1.5
116 760 1.5
114 762 1.5
114 763 1.5
113 764 1.5
113 766 1.5
111 768 1.5
110 768 1.5
110 769 1.5
108 771 1.5
108 772 1.5
107 773 1.5
107 774 1.5
105 776 1.5
104 776 1.5
104 777 1.5
103 778 1.5
103 779 1.5
102 780 1.5
102 781 1.5
101 782 1.5
101 783 1.5
98 786 1.5
98 787 1.5
96 789 1.5
96 790 1.5
95 791 1.5
95 793 1.5
92 796 1.5
92 797 1.5
91 798 1.5
91 802 1.5
87 806 1.5
87 807 1.5
86 808 1.5
86 810 1.5
82 814 1.5
82 815 1.5
81 816 1.5
81 819 1.5
78 822 1.5
78 823 1.5
77 824 1.5
77 827 1.5
74 830 1.5
74 832 1.5
73 833 1.5
73 834 1.5
72 835 1.5
72 836 1.5
70 838 1.5
70 840 1.5
68 842 1
68 843 1
66 845 1
66 848 1
64 850 1
64 851 1
63 852 1
63 853 1
61 855 1
61 856 1
60 857 1
60 858 1
57 861 1
57 864 1
58 865 1.5
58 867 1.5
60 869 0.5
63 869 0.5
64 870 0.5
64 881 1
67 884 1
76 884 1
77 885 1
79 885 1
80 886 1
80 887 1
82 887 1
83 888 1
85 888 1
86 889 1
88 889 1
89 890 1
90 890 1
91 891 1
93 891 1
94 892 1
95 892 1
96 893 1
97 893 1
98 894 1
100 894 1
101 895 1
104 895 1
106 897 1
107 897 1
108 898 1
109 898 1
110 899 1
111 899 1
112 900 1
114 900 1
115 901 1
116 901 1
117 902 1
120 902 1
121 903 1
122 903 1
123 904 1
127 904 1
128 905 1
128 906 1
129 906 1
130 907 1
131 907 1
132 908 1
133 908 1
134 909 1
137 909 1
139 911 1
140 911 1
141 912 1
143 912 1
144 913 1
146 913 1
147 914 1
148 914 1
149 915 1
150 915 1
151 916 1
154 916 1
155 917 1
157 917 0.5
158 918 0.5
160 918 0.5
162 920 2.5
165 920 0.5
166 921 0.5
168 921 0.5
170 923 0.5
173 923 1
175 925 1
180 925 1
181 926 1
182 926 1
183 927 1
187 927 1
188 928 1
188 929 1
191 929 1
193 931 1
193 932 1
195 932 1
196 933 1
198 933 1
199 934 0.5
199 935 0.5
200 935 0.5
201 936 0.5
202 936 0.5
203 937 0.5
205 937 0.5
206 938 0.5
207 938 0.5
210 941 0.5
211 941 0.5
212 942 0.5
213 942 0.5
214 943 0.5
215 943 0.5
216 944 0.5
218 944 0.5
221 947 0.5
222 947 0.5
224 949 0.5
225 949 0.5
226 950 1
227 950 1
229 952 1
231 952 1
233 954 1
234 954 1
236 956 1
239 956 1
241 958 1
243 958 1
245 960 1
246 960 1
248 962 1
251 962 1
252 963 1
255 963 1
257 965 1
258 965 1
259 966 1
262 966 1
265 969 1
266 969 1
267 970 1
267 971 1
269 971 1
271 973 1
272 973 1
273 974 1
274 974 1
276 976 1
277 976 1
278 977 1
279 977 1
280 978 1
281 978 1
282 979 1
284 979 1
286 981 1
288 981 1
289 982 1
292 982 1
293 983 1
294 983 1
295 984 1
296 984 1
299 987 1
300 987 1
301 988 1
303 988 1
304 989 1
305 989 1
306 990 1
308 990 1
309 991 1
310 991 1
312 993 1
317 993 1
319 995 1
320 995 1
322 997 1
325 997 1
327 999 1
332 999 1
333 1000 1
335 1000 1
336 1001 1
346 1001 1
347 1002 1
348 1002 1
349 1003 1
350 1003 1
351 1004 1
352 1004 1
353 1005 1
356 1005 1
358 1007 1
364 1007 1
365 1008 1
372 1008 1
373 1009 1
376 1009 1
377 1010 1
378 1010 1
379 1011 1
380 1011 1
381 1012 1
384 1012 1
385 1013 1
386 1013 1
387 1014 1
390 1014 1
391 1015 1
393 1015 1
394 1016 1
395 1016 1
396 1017 1
401 1017 1
402 1018 1
406 1018 1
407 1019 1
414 1019 1
415 1020 1
418 1020 1
419 1021 1
421 1021 1
422 1022 1
426 1022 1
427 1023 1
437 1023 1
438 1024 1
440 1024 1
441 1025 1
454 1025 1
455 1026 1
464 1026 1
465 1027 1
471 1027 1
472 1028 1
475 1028 1
476 1029 1
486 1029 1
487 1030 1
488 1030 1
489 1031 1
493 1031 1
494 1032 1
501 1032 1
502 1033 1
519 1033 0.5
520 1034 0.5
535 1034 0.5
536 1035 1
544 1035 1
545 1036 1
550 1036 1
551 1035 1
563 1035 1
564 1034 1
574 1034 1
575 1035 1
576 1034 1
583 1034 1
584 1033 1
594 1033 1
595 1032 1
604 1032 1
606 1030 1
615 1030 1
616 1029 1
619 1029 1
620 1028 1
625 1028 1
626 1027 1
628 1027 1
629 1026 1
630 1026 1
631 1025 1
637 1025 0.5
638 1024 0.5
639 1024 0.5
640 1023 0.5
642 1023 0.5
643 1022 0.5
647 1022 0.5
648 1021 0.5
649 1021 0.5
650 1020 1
652 1020 1
654 1018 0.5
657 1018 0.5
659 1016 0.5
661 1016 0.5
662 1015 0.5
664 1015 0.5
665 1014 0.5
667 1014 0.5
668 1013 0.5
669 1013 0.5
670 1012 0.5
672 1012 0.5
673 1011 0.5
675 1011 0.5
676 1010 0.5
678 1010 0.5
679 1009 0.5
680 1009 0.5
681 1008 0.5
685 1008 0.5
687 1006 0.5
690 1006 1
691 1005 1
692 1005 1
693 1004 1
697 1004 1
698 1003 1
701 1003 1
702 1002 1
703 1002 1
704 1001 1
705 1001 1
706 1000 1
708 1000 1
709 999 1
710 999 1
711 998 1
712 998 1
713 997 1
714 997 1
715 996 1
719 996 1.5
720 995 1.5
721 995 1.5
724 992 1.5
727 992 1.5
728 991 1.5
729 991 1.5
731 989 1.5
733 989 1.5
734 988 1.5
735 988 1.5
735 987 1.5
736 986 1.5
739 986 1
740 985 1
743 985 1
743 984 1
744 983 1
746 983 1
747 982 1
749 982 1
750 981 1
751 981 1
753 979 1
757 979 1
760 976 1
761 976 1
762 975 1
764 975 1
765 974 1
766 974 1
768 972 1
772 972 1
774 970 1
776 970 1
778 968 1
780 968 1
781 967 1
782 967 1
784 965 1
788 965 1
789 964 1
790 964 1
791 963 1
792 963 1
794 961 1
795 961 1
796 960 1
798 960 1
801 957 1
803 957 1
808 952 1
810 952 1
811 951 1
812 951 1
813 950 1
816 950 1
818 948 1
820 948 1
821 947 1
822 947 1
824 945 1
825 945 1
826 944 1
827 944 1
827 942 1
828 941 1
831 941 1
832 940 1
833 940 1
834 939 1
835 939 1
837 937 1
840 937 1
840 936 1
841 935 1
844 935 1
845 934 1
846 934 1
847 933 1
848 933 1
849 932 1
851 932 1
852 931 1
853 931 1
855 929 1
856 929 1
858 927 1
859 927 1
860 926 1
861 926 1
863 924 1
864 924 1
864 923 1
865 922 1
868 922 1
869 921 1
870 921 1
872 919 1
874 919 1
876 917 1
878 917 1.5
880 915 1.5
881 915 1.5
882 914 1.5
883 914 1.5
883 913 1.5
884 912 1.5
888 912 1.5
888 911 1.5
889 910 1.5
891 910 1.5
892 909 1.5
892 908 1.5
893 907 1.5
894 907 1.5
895 906 1.5
896 906 1.5
897 905 1.5
897 904 1.5
898 903 1.5
901 903 1.5
901 901 0.5
902 900 0.5
904 900 0.5
906 898 0.5
907 898 0.5
911 894 0.5
912 894 0.5
918 888 0.5
920 888 0.5
922 886 0.5
922 885 0.5
923 884 0.5
925 884 0.5
925 882 0.5
926 881 0.5
928 881 1.5
929 880 1.5
930 880 1.5
930 878 1.5
931 877 1.5
932 877 1.5
932 874 1.5
933 873 1.5
936 873 1.5
936 871 1.5
938 869 1.5
939 869 1.5
939 868 1.5
940 867 1.5
942 867 1.5
942 866 1.5
943 865 1.5
944 865 1.5
946 863 1.5
946 862 1.5
947 861 1.5
950 861 1.5
951 860 1.5
951 859 1.5
952 858 1.5
953 858 1.5
954 857 1.5
955 857 1.5
959 853 1.5
960 853 1.5
961 852 1.5
961 851 1.5
962 850 1.5
963 850 1.5
964 849 1.5
965 849 1.5
965 848 1.5
968 845 1.5
969 845 1.5
971 843 1.5
972 843 1.5
974 841 1.5
975 841 1.5
976 840 1.5
977 840 1.5
981 836 1.5
981 835 1.5
982 834 1.5
984 834 1.5
986 832 1.5
988 832 1.5
988 830 1.5
990 828 1.5
992 828 1.5
993 827 1.5
993 826 1.5
994 825 1.5
994 824 1.5
995 823 1.5
999 823 1.5
1000 822 1.5
1001 822 1.5
1001 819 1.5
1002 818 1.5
1004 818 1.5
1005 817 1.5
1005 816 1.5
1006 815 1.5
1007 815 1.5
1009 813 1.5
1012 813 1.5
1014 811 1.5
1015 811 1
1017 809 1
1018 809 1
1023 804 1
1024 804 1
1030 798 1
1031 798 1
1033 796 1
1033 794 1
1034 793 1
1037 793 1
1040 790 1
1041 790 1
1053 778 1
1053 777 1
1054 776 1
1055 776 1
1058 773 1
1059 773 1
1062 770 1
1063 770 1
1063 769 1
1065 767 1
1066 767 1
1068 765 1
1068 764 1
1075 757 1
1076 757 1.5
1079 754 1.5
1080 754 1.5
1082 752 1.5
1083 752 1.5
1083 751 1.5
1084 750 1.5
1086 750 1.5
1087 749 1.5
1088 749 1.5
1089 748 1.5
1089 747 1.5
1090 746 1.5
1092 746 1.5
1094 744 1.5
1095 744 1.5
1099 740 1.5
1100 740 1.5
1102 738 1.5
1103 738 1.5
1106 735 1.5
1107 735 1.5
1108 734 1.5
1108 733 1.5
1109 732 1.5
1111 732 1.5
1113 730 1.5
1113 729 1.5
1114 728 1.5
1115 728 1.5
1116 727 1.5
1117 727 1.5
1126 718 1.5
1128 718 0.5
1132 714 0.5
1133 714 0.5
1136 711 0.5
1137 711 0.5
1140 708 0.5
1140 707 0.5
1141 706 0.5
1143 706 0.5
1146 703 0.5
1146 702 0.5
1147 701 0.5
1149 701 0.5
1152 698 0.5
1152 696 0.5
1153 695 0.5
1156 695 0.5
1157 694 0.5
1157 693 0.5
1164 686 0.5
1165 686 1.5
1166 685 1.5
1167 685 1.5
1169 683 1.5
1169 682 1.5
1170 681 1.5
1171 681 1.5
1172 680 1.5
1173 680 1.5
1173 679 1.5
1179 673 1.5
1179 671 1.5
1181 669 1.5
1182 669 1.5
1182 667 1.5
1186 663 1.5
1186 662 1
1188 660 1
1188 659 1
1190 657 1
1191 657 1
1191 655 1
1195 651 1
1195 649 1
1198 646 1
1199 646 1
1201 644 1
1201 642 1
1202 641 1
1203 641 1
1203 640 1
1205 638 1
1205 636 1
1206 635 1
1207 635 1
1209 633 1
1210 633 1
1212 631 1
1212 628 1
1213 627 1
1214 627 1
1216 625 1
1216 623 1
1218 621 1
1219 621 1
1219 619 1
1220 618 1
1222 618 1
1225 615 1
1225 613 1
1229 609 1
1229 608 1
1230 607 1
1231 607 1
1231 606 1
1232 605 1
1232 602 1
1233 601 1
1234 601 1
1238 597 1
1238 596 1
1240 594 1
1240 592 1
1241 591 1
1241 590 1
1242 589 1
1243 589 1
1244 588 1
1244 586 1
1245 585 1
1245 583 1
1247 581 1
1248 581 1
1248 580 1
1251 577 1
1251 576 1
1252 575 1
1252 573 1
1256 569 1
1256 567 1.5
1258 565 1.5
1258 563 1.5
1259 562 1.5
1259 561 1.5
1261 559 1.5
1261 558 1.5
1262 557 1.5
1262 555 1.5
1263 554 1.5
1264 554 1.5
1264 552 1.5
1265 551 1.5
1265 548 1.5
1266 547 1.5
1268 547 1.5
1268 546 1.5
1269 545 1.5
1269 544 1.5
1270 543 1.5
1270 540 1.5
1271 539 1.5
1271 538 1.5
1272 537 1.5
1272 532 1.5
1273 531 1.5
1275 531 1.5
1275 529 1.5
1276 528 1.5
1276 526 1.5
1277 525 1.5
1278 525 1.5
1279 524 1.5
1279 521 1.5
1281 519 1.5
1282 519 1.5
1282 518 1.5
1283 517 1.5
1283 515 1.5
1284 514 1.5
1286 514 1.5
1286 511 1.5
1287 510 1.5
1288 510 1.5
1288 508 1.5
1289 507 1.5
1289 505 1.5
1290 504 1.5
1290 503 1.5
1291 502 1.5
1292 502 1.5
1292 499 1.5
1293 498 1.5
1295 498 1.5
1295 494 1.5
1296 493 1.5
1298 493 1.5
1299 492 1.5
1299 491 1.5
1300 490 1.5
1301 490 1.5
1301 489 1
1302 488 1
1302 486 1
1303 485 1
1304 485 1
1304 484 1
1305 483 1
1305 482 1
1306 481 1
1307 481 1
1309 479 1
1309 478 1
1311 476 1
1311 474 1
1312 473 1
1313 473 1
1314 472 1
1314 469 1
1316 467 1
1317 467 1
1317 466 1.5
1318 465 1.5
1318 464 1.5
1320 462 1.5
1320 459 1.5
1321 458 1.5
1323 458 1.5
1323 455 1.5
1324 454 1.5
1324 453 1.5
1325 452 1.5
1326 452 1.5
1326 449 1.5
1327 448 1.5
1329 448 1.5
1329 447 1.5
1330 446 1.5
1330 445 1.5
1331 444 1.5
1333 444 1
1334 443 1
1334 442 1
1335 441 1
1336 441 0.5
1336 439 0.5
1337 438 0.5
1338 438 0.5
1341 435 0.5
1341 434 0.5
1343 432 0.5
1344 432 0.5
1347 429 0.5
1347 428 0.5
1348 427 0.5
1349 427 0.5
1353 423 1
1353 422 1
1354 421 1
1355 421 1
1357 419 1
1358 419 1
1358 418 1
1359 417 1
1359 416 1
1360 415 1
1361 415 1
1361 413 1
1362 412 1
1363 412 1
1363 411 1
1365 409 1
1365 407 1
1366 406 1
1367 406 1
1368 405 1
1368 404 1
1371 401 1
1372 401 1
1380 393 1
1381 393 1
1383 391 1
1384 391 1
1386 389 1
1386 388 1
1387 387 1
1390 387 1
1390 386 1
1393 383 1
1394 383 1
1394 382 1
1397 379 1
1397 378 1
1398 377 1
1399 377 1
1400 376 1
1401 376 1
1401 375 1
1402 374 1
1404 374 1
1404 373 1
1407 370 1
1408 370 1
1409 369 1
1409 368 1
1410 367 1
1411 367 1
1412 366 1
1413 366 1
1417 362 1
1418 362 0.5
1420 360 0.5
1420 359 0.5
1421 358 0.5
1422 358 0.5
1425 355 0.5
1429 355 0.5
1430 354 0.5
1431 354 0.5
1433 352 0.5
1434 352 0.5
1436 350 0.5
1437 350 0.5
1438 349 0.5
1439 349 0.5
1440 348 0.5
1441 348 0.5
1442 347 0.5
1443 347 0.5
1444 346 0.5
1446 346 0.5
1447 345 0.5
1448 345 1
1451 342 1
1452 342 1
1454 340 1
1456 340 1
1457 339 1
1458 339 1
1460 337 1
1462 337 1
1465 334 1
1466 334 1
1469 331 1
1470 331 1
1473 328 1
1474 328 1
1476 326 1
1477 326 1
1478 325 1
1479 325 1
1480 324 1
1480 323 1
1481 322 1
1483 322 1
1484 321 1
1486 321 1
1488 319 1
1490 319 1
1491 318 1
1491 317 1
1492 316 1
1494 316 1
1494 315 1
1495 314 1
1497 314 1
1497 313 1
1498 312 1
1499 312 1
1499 311 1
1500 310 1
1503 310 1
1503 309 1
1505 307 1
1507 307 1
1507 306 1
1508 305 1
1510 305 1
1510 304 1
1513 301 1
1514 301 1
1514 300 1
1515 299 1
1516 299 1
1516 298 1
1517 297 1
1516 297 1
1515 296 1.5
1512 296 0.5
1511 295 1
1511 292 0.5
1510 293 0.5
1508 293 0.5
1507 294 0.5
1499 294 1
1498 295 1
1488 295 0.5
1487 296 0.5
1484 296 0.5
1483 297 0.5
1478 297 0.5
1477 298 0.5
1471 298 0.5
1470 299 0.5
1463 299 0.5
1462 300 0.5
1457 300 0.5
1456 301 0.5
1450 301 0.5
1449 302 0.5
1445 302 0.5
1444 303 0.5
1443 303 0.5
1442 304 0.5
1434 304 0.5
1433 305 1
1431 305 1
1430 306 0.5
1424 306 0.5
1423 307 1
1412 307 1
1411 308 1
1394 308 1
1392 310 1
1367 310 0.5
1366 309 0.5
1350 309 0.5
1349 308 0.5
1348 309 0.5
1338 309 0.5
1337 308 0.5
1314 308 0.5
1313 307 0.5
1312 307 0.5
1311 306 1
1311 304 2
1308 304 2
1307 303 2
1293 303 2
1292 302 2
1291 302 2
1290 301 2
1285 301 2
1284 300 2
1282 300 2
1281 299 2
1278 299 2
1277 298 0.5
1277 297 0.5
1264 297 0.5
1263 296 0.5
1259 296 0.5
1258 295 0.5
1253 295 0.5
1252 294 0.5
1243 294 0.5
1242 293 0.5
1236 293 2
1235 292 2
1231 292 2
1230 291 2
1230 290 2
1228 290 2
1227 289 2
1227 287 2
1224 287 2
1223 286 2
1214 286 0.5
1213 285 0.5
1208 285 2
1207 284 2
1205 284 2
1204 283 2
1204 281 2
1203 280 2
1193 280 2
1192 279 2
1192 278 2
1184 278 0.5
1183 277 0.5
1178 277 0.5
1177 276 0.5
1174 276 0.5
1173 275 0.5
1163 275 0.5
1162 274 0.5
1159 274 0.5
1158 273 0.5
1150 273 2
1149 272 2
1149 270 2.5
1143 270 0.5
1142 269 2.5
1142 268 2
1137 268 2
1135 266 2
1131 266 2
1130 265 2
1129 265 2
1128 264 1
1124 264 1
1123 263 1
1119 263 1
1117 261 1
1114 261 1
1112 259 2
1106 259 2
1105 258 2
1101 258 2
1100 257 2
1094 257 2
1093 256 2
1089 256 2
1088 255 2
1087 255 2
1086 254 1.5
1082 254 1.5
1081 253 1.5
1078 253 1.5
1077 252 1.5
1069 252 1.5
1068 251 1.5
1062 251 1.5
1060 249 1.5
1054 249 1.5
1053 248 1.5
1051 248 1.5
1050 247 1.5
1046 247 1.5
1045 246 1.5
1039 246 1.5
1038 245 1.5
1032 245 1.5
1031 244 1.5
1025 244 1.5
1024 243 1.5
1008 243 1.5
1007 242 1.5
990 242 0.5
989 241 0.5
983 241 0.5
982 240 0.5
974 240 0.5
973 239 1.5
973 236 1.5
973 237 1.5
972 238 1.5
957 238 1.5
956 237 1.5
953 237 1.5
951 235 1.5
946 235 1.5
945 234 1.5
942 234 1.5
941 233 1.5
924 233 1.5
923 232 1.5
923 231 1.5
911 231 1.5
910 230 1.5
905 230 1.5
904 229 1.5
897 229 1.5
896 230 0.5
886 230 0.5
885 229 0.5
884 229 0.5
883 230 0.5
869 230 0.5
868 229 0.5
